id1,id2
6860,34
51943,58371
9815,11770
48891,6386
587,546
16563,12106
6120,2350
70369,30046
27681,1826
149,1692
9012,53285
21303,22198
49557,7082
27229,7617
2485,27170
47631,5952
5898,23
2466,9778
6350,12924
73577,42815
368,9099
22156,13961
33716,39211
22020,984
55668,10302
19371,631
5599,13499
27471,49238
17063,63807
65506,19259
74,9570
33630,2780
26728,1660
37876,8930
8089,90
73150,40711
53166,27387
55202,10114
14132,31895
72915,40635
5219,4575
3389,18104
32522,16364
5211,43806
49653,7159
75166,53454
57423,11354
42683,30104
8820,52840
71269,32875
15050,1238
24487,1348
23969,42792
44254,5196
1540,34
50950,37549
59365,12813
74604,48800
42773,21152
3707,377
34702,3124
1712,5054
63823,17110
38314,3699
67135,22063
47952,6114
68638,25442
75911,60084
4580,40428
8608,23836
75723,58262
20681,11379
8870,10506
32694,2563
27515,1804
19367,25239
61557,14788
18172,50469
58756,12284
77128,74470
40602,4664
16987,5795
27110,9879
36468,3131
6060,11809
36961,6019
40503,4997
62023,15086
45636,22444
61770,14988
3282,35436
57368,75612
38975,3967
58636,12174
274,3350
14844,13597
23026,32943
45347,21542
10637,23504
16841,1211
27732,1829
2508,21393
16534,368
35603,3034
37811,3477
53904,15803
76085,62075
45752,5199
55901,20681
5351,28597
74185,46083
44777,5289
10740,9011
14903,6234
42734,4893
25069,3675
10953,988
37813,27781
52979,40794
59677,12992
35854,3057
12679,6057
73462,42166
58072,11800
31167,213
8618,6379
48391,6219
1612,5172
34361,5827
34142,71620
477,3212
56846,11010
22828,20484
29585,2184
39332,5642
74514,48190
239,14827
40367,4554
47922,6097
17361,408
21187,4728
10731,263
53147,38777
61533,14774
18925,5067
42172,73464
53310,9014
18681,551
48125,6139
54353,9637
19391,631
15446,3934
45674,5511
51114,7969
18707,4226
20384,74016
72693,38389
44170,11339
51938,8369
448,5524
11097,5676
50703,56261
69180,26688
71744,34572
70662,30957
76349,64865
17272,22585
51845,8334
43015,4926
57446,11371
3007,10530
25899,68858
20412,779
69270,26887
50626,7430
21300,21280
8022,11624
25082,10805
17137,8757
5644,5016
26865,1689
47302,5867
54951,75362
10117,11319
24418,1603
73371,41690
2734,15
13822,1062
4153,10611
61411,14637
40556,4656
34134,2813
56779,10956
12961,45434
6269,34525
39721,4265
62329,15444
7540,209
7441,5139
9467,74
11193,4755
9531,13109
1200,23350
25749,8198
55274,10130
11413,13696
12656,20982
41513,4730
22532,29464
3025,8318
11108,8628
35100,7860
52866,8845
28387,2286
56308,10640
18864,16788
31299,21264
5845,6248
19068,23955
51379,8164
41263,4699
62567,24346
73539,42598
2481,19446
14715,7851
7851,2358
45494,5457
12895,10925
70476,30452
2348,30380
7769,17404
75041,52402
62678,15772
42841,9155
32006,5104
3345,377
35146,7998
45895,5547
72312,36961
3029,35572
67889,23632
6714,34
4988,10501
30617,4734
37452,3401
74018,45017
30159,2297
56884,8917
6990,34
20961,20507
465,11751
46908,5755
21819,66574
9813,22606
65701,19437
47421,5900
19949,712
14988,4891
6636,5999
2257,32
45725,546
23800,30048
13225,10185
16959,48539
8962,59
2091,2485
7704,11814
8050,2242
2275,796
15057,7384
8256,17150
70368,30046
8132,47
49208,22414
50577,7752
50765,7836
67787,23435
26549,1633
63151,76201
36464,4772
2295,2481
31175,12004
17318,32367
76835,70847
61344,14562
3258,3352
40116,5398
25192,6459
12562,175
38808,10126
54621,9781
36230,3103
31333,12137
26002,1560
26213,4438
4373,23149
3883,8382
4082,2892
4529,3093
67495,22775
13578,9172
49799,74703
38855,31460
8957,16071
9659,18906
10244,22880
47549,8928
2366,15801
54761,9860
69328,27007
7651,33866
41918,4793
32483,71130
62166,15205
62366,19261
43646,5050
1860,27945
10577,9998
28968,2031
46092,64685
20654,5997
37420,3386
52012,8384
76670,68549
65670,19400
27363,1769
4350,8432
4083,29281
47850,6115
21799,5069
55848,10407
375,228
11626,602
50753,7828
40485,73087
15611,12546
42397,17669
1329,24285
43304,51757
595,18835
46865,10644
72367,37184
43075,11326
4510,38309
16608,10735
1825,8527
62034,15099
6671,5930
69038,26480
52728,8762
7011,21017
8735,1620
29186,15296
58476,12093
2247,29942
76119,62322
70919,31774
64860,18503
28051,19216
60183,13402
9754,19684
32386,2531
67863,51256
40870,10323
34487,2852
26150,1584
24190,42803
3806,38584
62195,15227
3608,38122
19908,16551
53225,8993
75699,58190
21018,10435
9247,8048
70323,29915
983,22008
61010,14037
9505,54069
41383,4714
9992,7572
3418,377
40504,6157
54584,9735
70501,30528
58020,11786
27618,11940
4675,801
58384,12012
28470,69836
11540,13475
73647,43114
76968,77332
28814,1999
71660,34295
59197,56439
54189,9562
35564,3025
28991,2039
21175,4978
39541,72907
44740,43903
6977,34
50468,7717
9448,11167
3987,4555
69518,5541
42626,9531
34604,39076
59445,12831
33177,3656
45037,5341
4350,7491
77165,74848
75181,53588
9561,9359
22459,19102
28933,2029
26539,13607
25968,1555
71508,33693
10201,2746
18105,18166
60124,13337
7084,49558
19191,3519
25742,8988
31099,7444
39609,14999
55380,10159
112,9287
3976,4554
23296,1188
55880,1552
66090,20214
1843,394
56057,10495
394,1009
46,6878
29208,3956
21926,13179
9244,36926
32305,22938
29528,29255
64048,19388
23116,16562
37208,23299
10997,16845
70613,30800
1774,11804
5390,33307
57860,11730
7169,44003
54987,10035
18199,498
21733,936
9383,5746
42491,4853
7681,14752
3596,3171
72761,38677
7467,36
55757,10333
18327,7265
24566,1357
70558,30670
45348,8545
4756,11496
44058,5136
44477,5226
48822,6366
498,17016
24351,17679
35772,18281
61851,15003
2424,9000
56244,10604
28145,42483
17743,6139
48439,31975
52649,8725
72227,36682
36864,3253
20352,3362
51843,8334
37872,3492
56316,10641
28460,9220
41640,4745
3840,1641
18815,8748
33741,5547
13396,11010
71647,34210
29547,2176
54185,9560
58254,8912
37475,4907
299,216
34903,2922
12076,12953
1751,2386
10536,5524
4808,63813
15097,17189
74604,48800
30221,19329
54713,9835
1837,394
35460,3009
71067,32286
30325,2334
71990,35553
31132,26733
65288,19024
37689,13319
54153,9542
74464,47908
5004,9675
63946,17238
59820,13130
58149,11841
6602,5074
65626,19354
64639,18281
55986,10469
15461,21804
30039,2267
39670,13937
49987,40883
26687,1648
28060,1874
6079,2628
22186,1017
45495,5457
19028,25201
16992,6133
22321,27638
6240,1756
37821,3482
10161,35289
12354,9229
54772,9875
62629,15721
63965,76284
15178,5600
16118,29854
31343,70779
4038,4991
1638,5107
63423,21370
5662,6144
19945,7968
1429,394
64070,17449
22473,26413
408,14982
12152,1486
12059,12481
35751,3043
1591,12424
5289,44780
3808,13261
14593,14725
74416,47695
69219,26766
8054,5398
17247,406
27255,50273
2339,1012
52914,36958
17418,13594
29852,4178
72024,63034
30949,2445
76840,70966
44124,12091
69552,28239
65249,19015
70007,28937
47303,5869
53534,25475
4541,18363
38788,21182
5310,5150
58733,15140
20040,65549
18558,23408
26932,1695
32164,4756
14772,231
49770,7338
416,17411
21612,61393
1716,394
76826,70700
71996,35572
58688,12255
47128,6866
39326,4127
24450,1346
38053,3564
39248,20667
16033,4174
71554,33853
6776,2358
65826,19629
74525,48265
63748,16975
18176,11913
47037,16032
66727,21421
62726,3451
46279,5618
66743,21439
74943,51757
63022,16190
24575,1358
14830,8730
11282,10474
32948,15817
5931,6839
25157,1440
68022,31417
33532,2774
1618,26332
23485,2322
9165,3401
54257,47912
4598,9229
10778,115
61135,14230
33255,2733
28215,5209
36753,72242
33589,33213
69588,27684
53506,38838
4711,14286
28881,32438
36770,31667
14639,15847
53410,43680
61401,14631
11975,217
4613,4697
32823,4522
10096,149
6519,26178
11019,26146
7545,40
31859,5899
58963,12556
34944,2930
37678,16927
7587,66
47509,38015
953,16969
48523,6264
75981,60819
67305,22425
70134,29277
26777,14105
50980,74844
10866,3596
7096,9168
69349,27036
15250,1217
23,5973
7632,9293
50880,7860
77358,77329
40962,4680
5280,7909
21934,11877
48559,13611
4524,3325
9319,53836
20321,768
3443,1557
64964,18720
76352,64866
59044,12671
64713,18386
6602,10289
76935,72002
9302,2839
30991,2455
8274,804
99,9310
34789,3747
42312,4837
36794,17211
18573,13184
19334,629
31258,2481
29364,2116
58756,12284
10307,4343
7842,31508
24931,1419
38995,16833
13346,7741
72954,39883
29678,2197
66718,4209
29157,16040
9598,12002
32307,11029
30715,13095
40733,35190
58161,11846
17573,12166
6374,31849
7912,50939
50508,7734
58437,12039
41466,4726
19177,602
72500,72499
9482,54030
73951,44535
15735,300
8336,12305
69085,26546
52233,8491
14867,243
46092,64685
67921,23694
73849,44045
70738,31234
38199,10156
76041,61595
24752,68325
31248,2478
72593,37960
5061,17143
28257,11546
2831,34265
3968,5835
602,2505
14048,4914
26198,28402
60222,13449
21643,22133
12169,58609
42318,4837
69119,26587
63797,2485
8252,12732
6870,1382
19416,8254
16208,6792
15950,4982
25852,1538
33426,2766
13933,4675
22269,1026
25128,1440
4850,13285
65310,19040
9681,1876
5816,19643
67673,23243
19335,46741
7066,34
69383,27093
46490,55648
42907,4909
66497,59687
23773,1270
55991,10470
42669,8233
56022,10485
2531,4755
23493,1219
5390,19503
381,405
23154,1145
73372,41691
20691,14987
71041,67118
37523,14566
30615,23694
74994,51989
42091,11737
2412,25337
36786,23039
5095,43866
64346,17795
34460,16114
45775,14307
34478,23208
11262,12667
28114,25485
30290,70445
56411,10696
4697,38846
67341,22537
205,5436
36345,3123
18960,8662
5577,4675
13004,7803
26378,42778
58514,35131
12353,171
8261,104
10582,13479
49855,7384
27288,1760
61690,14966
18403,33789
2176,3710
53668,9215
74867,51160
11249,34963
25845,1532
66291,20609
38350,17627
67074,21931
65221,40820
39008,3984
10,368
22144,4260
22413,1042
30645,12220
33202,9754
27027,69344
71296,33006
1926,13137
57083,11163
8058,21841
8540,30513
15160,12018
12747,283
4737,5080
57899,11747
73229,40934
25225,24541
30027,2266
5102,14315
24583,25715
3916,2481
26624,24250
8178,5299
6944,49421
22666,1085
47121,75807
16820,22563
64944,18679
25522,14714
30085,9357
1622,13538
22174,7965
49343,6873
7435,49910
24146,25832
60577,13715
30834,2424
69498,45541
72406,37307
25640,32855
12895,7728
2214,4886
58829,22563
8673,6811
15544,16814
40122,4438
53877,18297
73758,43716
6004,9885
65384,19080
57372,11330
13249,5375
149,11969
6033,18397
19035,14986
29815,2223
53152,26868
49109,6602
72429,37370
24970,14981
10185,4961
62876,15981
61346,14568
44342,5205
74446,74445
9585,9485
77154,74805
46265,32071
11610,6017
11729,15702
26800,1670
8393,7673
62947,55465
11473,398
33247,7109
62173,15214
20429,779
40553,4650
73844,44016
3026,11317
2307,239
39011,72809
62477,43316
24605,9439
46871,28564
22424,45342
1567,4772
50845,21627
21382,863
59815,13126
46146,5588
42017,4799
10734,4991
19285,25342
29234,40161
53349,9036
297,216
468,17845
74772,50363
76340,64691
48438,6241
301,216
42448,5349
33364,5198
61570,61571
36125,3091
60565,13709
38024,4998
10599,16554
7721,19164
26991,60662
46690,16770
46465,7045
20509,33991
20574,796
25940,10050
27776,15816
63697,63698
13635,13043
27569,1819
7705,5192
41483,12836
70206,29507
7654,7742
47017,5801
27243,5384
9688,5520
36143,15753
53845,15163
24909,10361
50996,7907
73490,42289
70595,30764
8187,282
1517,5053
60122,19912
33406,2762
6218,23550
22689,44827
71619,34139
56,8258
23526,15326
64821,6322
60135,13344
30071,2280
15510,55748
52181,8464
6127,18307
73009,40116
36116,4406
35384,2993
38470,4679
16559,12140
5026,5050
22446,8370
1815,4882
19260,4787
19230,615
40000,4387
4549,8299
3260,26347
14020,26092
19541,8633
30954,2449
69404,27109
34191,2816
74330,75921
16288,63106
1037,13173
52512,8657
59409,12828
5527,5471
66605,21084
3420,4726
3009,11436
27177,5755
2230,3806
16025,1704
39228,4100
57253,546
15398,6026
30807,2408
40116,73015
49572,7096
12191,4675
63873,17150
19343,11222
5673,46540
4321,9990
36031,4680
19339,5568
48035,14736
14282,4884
34916,34507
2591,16571
14474,225
12653,175
42856,4907
40915,4678
76590,67547
71764,34656
27444,17150
39322,4127
22953,11782
37352,11586
64673,18346
15585,10412
41995,4985
832,21030
48447,30406
2114,16278
76010,61202
77011,77012
15208,265
49884,7428
57094,16731
44782,5289
2440,1630
34219,43638
12016,4755
11298,4619
2963,377
43823,5086
30171,3124
11634,15163
14265,4756
48307,18430
29471,37290
15087,62024
62299,15402
12502,1211
35543,10337
69297,26931
56248,10609
24786,5549
14761,10899
2762,33395
47828,9689
66501,20929
175,12523
42485,4853
22760,18386
34389,2842
56954,21723
44875,5299
30992,2455
26881,1691
20593,10844
19235,4230
28326,1925
32544,2550
61740,24832
1502,25596
45174,21680
1386,5840
25546,1490
39001,3984
10340,8578
21938,1668
61192,14307
10458,7728
10890,19127
24300,34210
16953,397
61374,22195
1115,5072
53481,15532
45645,21038
602,19191
1620,5342
40982,4686
2352,46
51370,74884
7669,3874
49408,6914
4962,1059
19169,602
42044,4802
25255,2995
47020,5801
65523,8118
97,10232
65788,19550
11672,6286
920,394
6077,4744
38020,3549
25544,36465
34931,2926
49793,7338
59550,14980
2062,29060
71319,33082
70155,29360
40835,20488
5799,9102
63528,16810
32306,2519
7800,809
26370,5884
60615,20160
24062,8607
16704,9995
50940,7880
73203,40857
677,1851
32728,2571
3823,34863
59057,38823
63079,36824
63807,17063
76126,62412
7307,13440
43325,4991
29498,3224
7281,34
29421,2136
13119,21257
67236,22233
519,8553
28373,13548
72456,37481
5306,5294
63217,16444
1521,1855
36974,3277
4738,5011
74569,48504
1960,1062
36297,10435
58838,29459
14768,1454
36494,36495
55812,10363
16873,381
11666,18048
53947,9421
19626,9626
44926,5312
40293,5541
39489,14651
4071,12451
66426,20740
1108,4894
60699,13819
34354,10838
8834,9287
71755,34596
27710,9977
7338,5219
42657,2485
9500,9320
5321,9531
16475,492
46309,5625
20175,4747
55493,10221
21662,36033
47581,5950
27608,1824
68517,25113
33853,18816
22838,7123
66237,34960
34252,36108
10080,6339
30401,52533
38651,3838
65633,19356
12585,175
14708,225
43226,7754
46413,9680
67071,21927
18247,7817
18647,51757
32392,49022
7487,8202
16022,1521
42160,4811
11747,12188
49518,7027
15210,26999
72151,36314
40665,4669
23364,5649
33626,15098
23403,11757
67623,23109
61057,14069
62889,16009
72029,21435
52026,22651
9813,10427
49051,49049
1132,2850
22170,67197
66245,20519
75989,60972
12130,49118
71878,35119
24624,46825
53029,53028
8826,3081
22868,11480
42892,15519
49144,7096
20672,4398
55789,10340
16277,7838
3311,24349
2803,24462
44730,5284
8319,2499
70756,31294
58548,12144
65111,18834
21383,864
34657,2881
22470,16214
4699,3194
39769,8248
61446,14675
42655,73546
33430,71414
16543,368
72508,70347
8769,11269
52861,8841
23045,1133
23943,10158
2892,14500
22563,16820
71448,76897
10575,11262
32472,3409
6900,34
25055,15002
67551,22923
4699,2863
50121,26417
24497,1348
27025,13444
65417,19119
5515,19
15698,5573
17863,25697
8542,56
37010,30044
28409,14844
5421,20640
2410,1170
51456,8217
47336,47333
18401,33285
11769,9677
72874,39382
31859,5380
17299,408
50697,7811
12272,6248
14119,4697
62643,15738
38128,9766
17937,16759
50817,7847
13927,5988
58011,11782
61664,14927
57591,60568
1118,1890
56328,10655
24249,4040
76868,71228
13967,12669
37559,5752
29654,2189
15660,26757
6925,23829
52094,8423
42395,73506
1007,7244
27914,10523
39055,4009
33922,2810
7710,4839
60310,13531
66747,21441
42102,17815
23229,2414
10202,2895
32243,2511
49453,6960
23724,14939
32028,25765
22543,8133
59507,12878
29262,2092
556,34
31527,4882
24360,1334
19692,677
33992,14822
8418,52
67997,28541
36058,49117
21379,3009
14987,9795
9312,1366
35450,11722
67309,22444
5280,5161
2450,10323
23003,26838
45002,5327
9806,5405
19756,7649
73070,40383
59161,12729
25452,1478
30220,2314
4683,4360
50317,7659
36369,27803
13777,29128
2386,30691
48710,6329
13183,19020
9167,2451
12079,29473
50862,7852
1542,4675
26282,15257
24696,10089
73479,77060
63547,16826
25704,4761
31905,28674
60221,13444
16459,725
18262,62044
75742,77230
1363,11991
46752,5715
2604,246
71895,35174
5048,34046
27471,49238
52009,28597
70592,30751
15264,19535
2593,400
8318,163
22747,14847
10096,14988
6161,32
73941,44486
52300,28448
71484,33620
13557,1118
45925,5549
12912,45759
29999,22760
23775,1271
22474,1049
3330,6209
67607,23068
43287,8439
5122,222
7964,5226
65480,76402
49,7740
28565,10323
15485,282
17462,33500
47627,5952
21643,9770
43278,4986
10781,1567
57230,11258
4555,15369
50073,9221
59996,40961
69284,26907
73361,41589
43785,27541
76775,69865
19439,5759
24782,11202
51202,15314
40171,73028
36961,17848
43880,19291
68147,24106
73870,44103
2838,2334
9449,8384
16077,2946
32596,2557
40654,5856
48835,74610
41305,4704
9227,13193
62523,15611
76262,63706
52981,8893
66863,21575
50942,8784
2514,5163
21698,23430
44885,5300
38887,3933
5358,45101
12406,944
24157,1315
56005,10478
19620,9831
16303,3100
23185,2481
62594,15677
52603,29557
22178,28114
32063,5431
5000,31832
16528,63251
18418,18469
45565,5471
33376,7523
6024,13741
16205,4675
26073,9567
4710,5900
27258,4125
63710,16959
74779,7840
36049,14020
4321,2482
12090,20042
1142,23119
26511,1630
7364,34
73326,41434
72712,73970
16734,22760
2873,8628
63580,16833
225,13987
24490,1348
69993,28894
5797,406
73852,44054
73238,40987
4972,23852
74779,74781
68128,58419
43621,5245
55069,10078
28371,12304
24915,1415
2562,5199
24244,1493
48304,38370
28087,19128
1631,26515
17367,11782
1183,9688
32156,2505
4632,377
5394,14
55615,10283
20766,12713
65203,22231
70377,30061
69399,30795
16706,34833
3956,14771
52500,8655
35917,10034
10195,1273
49155,22671
9411,3132
19953,11001
74620,49058
67021,76541
63453,16753
6395,7766
46204,5600
2216,8683
72729,38462
36203,5119
66188,20393
588,5958
57884,11736
9957,4802
11283,8833
16472,6168
17229,11361
7969,7844
55559,10268
76250,63662
28899,18768
21363,66701
42295,36811
7635,12121
31204,17898
34990,2933
6971,8529
2092,4664
52288,8518
24805,1382
53919,9391
2307,6188
15960,331
53439,9072
5090,22847
12049,1317
2813,13818
67337,22531
8164,40876
51071,7955
68969,26293
34633,26617
4538,5398
18006,498
67256,22313
76738,69268
9477,23413
8128,44468
23400,4480
20607,11262
56877,11029
62768,15882
37674,9341
70836,31540
44419,5218
6614,20236
32469,18717
76130,76131
21476,48141
59837,13137
34332,2836
16555,11547
865,6812
5025,3386
48416,6232
48087,6139
27768,15511
2110,6656
3029,15846
23005,2610
2417,46226
9429,63681
29221,29331
7595,4432
42577,33929
27676,1826
12695,177
43486,5028
17347,14817
16907,8340
62565,15647
46109,5579
38308,3690
55145,26487
13600,5900
39185,4066
63321,16559
36371,13647
28276,3122
29783,2216
68547,25220
33463,2769
5161,7794
71121,32470
44371,5210
31065,15095
74223,46388
44902,5307
8466,3125
24773,4153
7494,40
363,225
57542,11426
26359,1620
37864,3490
23321,21204
9391,4216
7868,6071
10307,5627
71067,32286
10415,55863
37175,36477
3541,377
66460,20836
21884,6697
35818,72052
57438,11361
30707,1093
24191,56789
21451,5291
25010,68465
12062,629
60176,13388
54053,9493
50336,74770
54382,9647
23643,1248
27669,2520
30483,26586
27851,1846
57678,11614
72391,76971
10533,56116
27426,1776
12210,4729
7679,13463
25493,1485
14853,1609
23861,7384
59,9020
36335,3122
9686,5053
10059,13242
42742,4893
2860,1782
54906,17578
59232,12785
45901,5548
69941,28704
54701,9826
61627,71379
53631,9196
28818,13486
52611,26503
32258,23208
24900,1411
12135,10941
7669,30657
68210,24291
17054,403
29487,2159
26945,24071
20995,12174
15926,1905
29899,14169
8550,13025
9241,2933
28696,5398
4688,33738
41149,5490
5010,3108
57724,11643
53712,9247
13116,192
6081,3434
59984,13256
28501,9412
8876,5740
55814,20627
66286,20597
49122,6602
15682,5077
62868,19406
32571,4675
8418,52
74024,45031
77227,77352
30903,24947
7400,49869
19792,699
73572,42780
65455,19164
50181,9167
1462,24765
25808,1523
38197,10656
18757,4808
30905,2435
30657,7669
38816,38044
8619,3774
61880,15014
47,1364
60331,13551
3208,36732
9977,16487
5122,9739
10663,49644
62356,15475
50168,7580
12627,2811
39242,4104
12884,185
70221,29559
50814,10451
52559,8679
15112,5631
71270,32875
3867,377
60097,18092
74824,50791
23029,5285
3402,377
27912,1855
15636,284
67669,5277
11665,55191
46120,27541
42560,4856
32749,2571
27810,14409
39684,4257
63865,17150
27506,1802
42118,4808
66556,21017
61960,15026
1560,413
595,18999
31458,15772
41688,28900
3212,21440
74064,45209
33433,11801
32734,67634
60864,13939
9491,74
73880,44145
4520,18987
48062,73158
55461,10200
50996,7907
68865,25933
44777,5289
16415,356
40,7605
17333,8228
72872,39360
1745,9229
76565,67234
18537,4432
7149,15553
9743,8799
16603,7828
32050,40800
14752,14236
30269,70438
68720,25650
46056,5573
45109,5364
46976,5779
6348,18484
27278,37309
28915,5062
13171,560
4767,9644
46177,9068
8993,14521
55184,12898
32973,2629
29250,17955
16804,4372
18325,19058
3120,46
72855,39231
61963,15026
2794,11372
60681,13800
75101,52877
70532,7576
30119,2290
46159,5588
17302,408
61069,14095
22250,30564
36624,3982
57365,11326
40168,53136
18162,498
2909,6070
1640,2490
13088,5157
8795,6281
73927,44395
20802,812
26160,68909
8048,9012
57376,28671
60558,13696
27476,11027
22673,4742
1594,5930
13533,2811
3341,9293
17875,546
71765,34656
6191,11614
44987,12134
37077,3314
3139,34757
42519,24123
9097,1444
2106,5611
62933,35074
35163,9875
76249,63662
74734,50074
8525,19636
5168,1509
5100,12011
54345,75282
29148,2076
1372,11083
2322,595
64717,18387
44466,5226
14677,5857
5594,3050
64932,18676
66444,20814
23146,19748
32006,5011
71432,33517
37790,40429
26737,69209
56512,10736
2258,25386
20485,6840
6249,48479
27178,56790
40840,4675
42579,42578
34315,11856
58282,75725
20877,818
26118,1577
58252,11909
14865,26159
24692,30247
11743,11177
27222,1751
40686,4669
38113,3597
7265,49712
3065,9171
72430,37370
6995,14800
42811,4899
77225,75720
17848,2142
3451,4179
47904,6089
19853,780
65144,18879
72462,37495
50014,7471
45561,5466
36645,26659
69010,26379
46,2577
13927,799
67787,23435
63571,16832
18014,498
58296,75728
61992,15057
10976,829
47097,8688
22452,2291
33223,71364
8474,18965
21898,959
55392,10161
2015,18390
28214,12220
918,21672
43475,5019
5704,46701
30611,27878
32028,25765
5806,2507
7757,22717
40350,4549
63781,17009
59538,12890
6991,34
45850,12172
15132,21017
38272,18696
30122,11199
6873,49347
3410,14668
15,2159
71861,35037
41106,4882
40777,8748
8450,8930
57630,75640
60655,13778
5080,8993
43876,13813
69804,32127
73776,69526
1426,11917
17774,9675
35941,47663
43062,4941
15063,16170
48232,6168
36837,10082
14232,14067
75901,59997
39090,18276
32749,2571
28150,8394
11645,29315
70484,30463
71222,32773
28677,17993
39472,5714
72313,36961
63595,16842
14177,225
67320,22482
16787,9897
57037,11125
52487,8926
40251,9982
29995,2531
60182,51316
8306,1962
38962,35241
29308,2096
40411,4570
62527,15611
57232,39433
40472,73083
44565,12530
53531,53530
34054,2811
35355,71946
53211,8991
20685,7840
7812,8858
43929,5105
3359,37265
30631,29193
26942,2505
57421,30044
8878,58
7055,9216
41169,4854
34818,2903
69398,27104
24505,1348
4408,13365
56456,10724
7680,904
695,15238
48137,12941
5698,5703
28832,50679
70456,30354
66049,52287
53852,55296
37922,9302
43579,5048
47391,10340
5875,18172
4107,25278
37008,11009
9099,5441
5149,546
76113,62238
73244,77043
32159,21861
635,5000
21427,871
15489,9082
59521,12883
44786,11383
2481,1699
23182,10170
37880,36843
52192,37306
64915,18653
10233,44522
56267,10621
63713,16963
50311,74769
16429,34257
5890,5320
29219,2090
52355,8558
3278,8808
34692,9207
49999,7468
68091,23997
59594,12907
2295,4872
10168,55398
70968,31916
41121,4697
40402,24239
73034,40195
5198,9385
51483,11804
18883,575
14372,4697
55372,24215
10804,22361
64489,17993
24439,9677
37579,72493
51853,8337
4398,40048
16898,55002
290,4899
6764,3076
28626,2031
65257,19018
4394,377
70441,30282
973,8673
8923,4821
63298,16550
52532,14307
75811,59039
7785,8258
13735,60610
54394,9653
55925,10441
20571,10890
72058,35880
62192,55690
5598,11310
45576,5476
23088,3450
32707,2565
70610,30795
53221,8993
69303,26957
4736,39148
42132,8434
69362,27089
5229,44491
16553,27408
30475,5994
48986,25192
3682,1635
3242,14763
9770,15902
35413,3000
1634,26565
18633,546
69970,28794
72380,37220
8228,41710
70854,31586
11725,10750
13942,48569
13592,11115
71425,33483
56374,16693
57725,17053
47051,5815
66712,21374
26471,17289
52088,75008
51402,54131
60811,13925
49346,6873
14389,225
10300,3086
30666,2386
1543,6089
41062,54473
26542,1632
18542,2087
72753,38638
29450,16770
32882,42176
62889,76180
65635,19358
5728,19031
39566,10900
13863,31450
47563,11232
48996,6481
4570,11371
72634,38184
24117,15575
2565,10117
23424,7706
62193,15226
34215,2818
58678,12231
70705,31127
59938,13236
32838,5850
8844,58
21430,6602
2352,4882
20983,826
4157,2862
55380,10159
18789,563
9309,18768
47688,15772
57876,11733
3250,4695
60710,13827
60364,13569
4644,2481
774,1254
41115,4697
16969,22405
74244,74245
20675,15575
31795,2481
27606,1824
6117,21518
73501,42369
10584,7588
44006,5121
50637,10077
11094,2838
15801,22689
28894,16094
24397,7543
65126,18847
46883,8623
74094,45443
49631,27638
39660,3672
13397,5202
5481,17
26535,14939
8828,26624
72652,38259
17625,61035
74594,48738
47633,5952
3484,12885
52235,8494
58113,11811
8799,13551
12285,2481
10389,745
49326,6853
56651,13167
19024,12979
52945,8868
30912,3212
25025,14972
13500,8741
75845,59539
4977,20452
66078,20186
6450,2481
74477,48002
63139,37203
66332,20655
5091,6225
65136,18851
25367,1475
17285,527
19288,31166
71830,34950
11230,16739
11241,16013
14405,15783
3116,3111
37344,3376
49381,34950
25994,10842
24748,29299
2811,34063
55660,31391
4899,1109
47491,5914
39121,16812
826,21003
3190,4038
51282,8079
59956,13244
37435,5187
25167,1440
46749,5715
28243,1916
48506,6261
26325,5653
5532,19780
3512,37936
66190,20398
7711,45219
32974,50750
39085,72828
8003,1477
77154,74805
9813,28611
61256,14418
1979,10296
37243,3354
70490,30483
49323,6849
3274,377
42914,4909
69821,28437
21427,1377
23038,1132
47623,5952
18419,523
38412,31501
65018,18762
37990,19057
53618,16555
19839,43712
5357,45077
62896,35847
699,5287
64320,32474
72967,40001
18827,10334
11251,13464
21513,48229
71867,35071
63563,76236
67657,63786
67526,22866
70659,76821
1011,394
54773,9349
59152,12713
17952,64460
47687,6168
14441,225
64045,17402
70207,29507
31981,2492
3212,699
27537,1809
44223,6199
35840,3057
68276,24540
12556,6086
4695,10735
60414,13597
76735,69252
76411,65562
13356,5884
16938,10941
36168,3095
39835,4317
31318,8039
75407,55271
7313,3303
15348,16071
58950,12534
4794,12450
19273,9439
37783,10446
9179,15057
6385,17929
21361,24647
47412,5900
11621,3022
27426,1776
27137,17268
2650,8730
19860,710
62589,15669
35338,12173
44281,15025
4255,3982
629,19337
77069,73607
39394,4153
16772,16465
49772,7338
10044,2455
2196,29667
6968,2515
53611,9182
62384,15515
4839,4209
47900,6089
55979,10462
6179,2780
15352,274
7208,4345
52009,8384
69673,27958
15520,283
70868,31640
36945,2485
6248,20619
5240,3284
31260,2481
72128,36178
31905,13135
29524,2173
19530,14579
71653,34236
14688,4762
18297,6199
7534,3807
76381,65181
58432,22584
58285,11934
26097,34058
31366,2481
5572,7789
58850,12383
54680,75318
3037,8269
599,15073
11083,10284
32898,8861
12836,4943
61420,41229
19731,10200
3596,2486
14333,225
23364,13461
26688,5874
48490,10096
1685,11430
429,9063
42883,4908
50159,7578
35113,3582
20036,725
75055,52526
2843,34395
43114,73646
34516,2860
63446,16741
7027,27805
76797,70327
13282,21018
55718,16267
60411,13596
38859,3916
1988,788
44562,12310
9212,4153
36300,10114
5066,42488
49912,7438
37835,3482
18391,22321
2423,11782
38545,3805
59404,34688
46300,41479
23788,1919
26372,1621
68310,24690
24483,42955
22895,1113
15154,40306
62221,15248
32560,2552
45264,12311
6232,4807
21355,858
69421,27134
13872,40734
55422,17918
48929,6386
76083,62067
28361,2567
3584,8337
68895,26068
20899,15312
74726,50029
39988,4380
52042,19404
47788,6044
46259,5611
31220,70732
42118,4808
46662,5699
67070,21926
57074,11156
11459,37378
31691,36283
28469,1949
26582,69104
17098,1962
18010,498
6468,2811
759,394
61978,15042
19308,629
19945,10126
4093,4759
45392,5733
22943,14112
57730,23768
9286,1062
74442,47812
19837,46192
75525,56669
49087,8489
8968,4736
70868,31640
77211,75539
22885,14637
30638,3352
46490,28052
5312,22845
7640,15553
76897,71448
4727,4723
75623,57544
8200,48
8943,8853
52937,8862
3020,220
53747,10948
25326,1464
20614,4782
4882,23763
8509,5514
54956,10010
48237,6168
30035,4745
9051,4734
8404,13246
51805,8319
44569,5245
15668,47488
1212,10083
30705,3601
54147,15763
15257,8566
65974,19970
8969,26416
8026,8953
63984,17290
46044,5573
25417,1478
76125,62376
68068,23953
52772,8781
39999,25164
32154,5946
3271,377
19551,6244
38729,12826
16916,27104
3047,27927
38873,8250
74709,49840
2767,15
16666,376
12002,4972
66458,20835
30462,3651
3206,13713
7661,1523
55452,20654
39122,4038
27792,12272
9926,29483
73212,74721
30993,70669
59551,12890
42926,73611
11413,8434
76522,66757
54992,43100
5593,4962
4144,4212
26892,22818
59255,12785
69191,26688
77298,76434
8516,4852
4880,10491
16708,376
27104,17044
4127,8397
35873,3061
4697,11653
11429,10204
5627,6139
39366,27393
70656,30941
59229,12785
53373,9044
41602,4737
8912,23815
17474,23589
18769,38414
15624,10606
2616,2347
71422,33471
6725,17503
8937,1573
2609,143
63955,17252
22538,36292
54354,9637
40057,32637
73024,40169
14479,225
43090,4944
29338,26238
25904,1553
9789,85
4900,12580
42780,73572
17831,8604
15083,35241
14726,858
12953,6102
61851,15003
38519,72736
46,5226
70183,29443
5663,20
72449,37462
15652,11975
55070,10078
57951,11769
16868,5823
8065,27086
38612,3815
56874,46277
45287,26416
29318,2101
68389,24832
28983,9326
29029,7691
27269,8672
167,2481
54963,10017
35246,2965
6056,3138
18114,546
29317,12535
5151,5600
27934,5052
18654,9410
11436,3009
11565,13611
22565,22584
42122,10092
61546,14779
41528,4731
30098,8861
43173,4958
38225,23028
4145,377
9982,10633
50222,18782
50486,7718
68308,24690
19058,65373
19988,14652
10563,18281
7082,13048
59,137
7316,34
7707,5064
76591,67581
44659,5274
65946,19922
18221,18049
3797,4669
16622,8400
3556,3450
42,6057
60730,13855
67992,23790
37184,5274
76824,70681
28836,9483
72185,36459
26261,1603
2831,34279
884,10568
63872,17150
21538,9073
34,7308
10920,9412
49333,8702
11447,44544
43878,69262
38965,3963
26768,30673
16522,32510
9482,13791
48854,6379
54460,9677
12847,34972
2062,10180
45652,5494
16711,15579
68835,25841
4107,2774
22673,15738
65588,19321
23574,34368
50517,53025
25339,1464
14046,61026
58504,12118
371,1532
18062,498
15134,292
64331,17765
41617,4742
9982,19372
13658,16925
63466,16770
381,11751
62242,15314
58868,12406
9100,37434
68213,24297
76457,66070
57799,31975
5995,33454
3009,27970
62900,16020
63437,18386
2018,28891
26241,39709
23331,12079
34396,14886
58609,12169
62814,15932
45666,5504
35071,9860
32408,2535
47863,16406
37271,37587
5365,6226
69955,36472
17338,5755
38717,3860
6024,5205
49364,9249
71519,33722
27595,3799
51973,9705
30725,8216
18615,546
15349,8242
13565,28766
48786,6352
67974,30827
2230,1250
11331,3094
12922,8419
26530,3459
790,3450
11031,56905
23580,5816
41056,4692
54336,9627
54670,15698
64075,17459
50611,7774
10343,18944
70405,30137
74605,48810
6602,4206
45983,5564
32135,10296
7701,4369
44388,10289
63813,14858
11433,12987
17623,21063
72830,39092
5924,7838
43842,6046
25506,1486
2947,30215
5645,1062
19914,10803
25660,7915
39960,4366
74598,48767
70890,31688
13706,41350
72862,39258
26774,9331
2169,394
2964,4962
66622,21126
55903,10438
13525,211
2514,5064
43314,8182
37686,3451
4217,30775
1844,13020
69914,28641
4986,1884
58517,12121
70855,31586
40403,25788
5348,14
1258,4675
42645,4882
14951,24013
69402,27109
54552,9725
33108,2674
45938,23759
14228,225
3019,3883
62328,15444
73836,43972
5048,10900
8458,13930
46387,5642
63108,16302
67415,22629
11876,15012
26368,1621
66858,21571
32426,26296
52313,75034
69142,26637
53371,9044
65744,19520
39022,12178
48055,2367
13930,5872
8745,10724
32686,2563
20838,2810
45875,5546
6750,49241
74451,47849
1855,2334
72735,16112
10185,27434
4980,23455
13365,3729
23699,1256
26229,1594
3037,4087
18083,2481
20991,10086
65363,19054
36307,5831
19245,12481
48593,17614
2858,2698
73528,42541
72531,37714
22384,8035
13748,13365
52118,13928
17262,1332
45942,5550
64982,18735
52313,8527
67573,22999
2443,10821
58837,5886
30436,5759
59871,13175
50754,7828
6208,2507
75880,59773
72162,36369
51406,8183
20028,725
14851,3674
26835,5715
40354,4551
51917,8360
376,5400
54341,9627
28692,8579
7319,9837
62313,15415
39913,4350
53392,9049
73407,41843
72937,39733
52119,16834
74795,50461
40164,4448
1621,1960
2379,21111
19613,671
66427,20741
10737,36162
1969,394
5117,7794
76041,61595
6168,48245
45641,5491
10842,5870
18112,7812
45052,5349
25609,64027
23641,1248
24376,7349
7777,17250
26731,54890
75625,57547
44611,5261
6179,9320
32387,7599
61444,14672
6125,7974
6232,5616
57746,11663
3583,38083
63571,16832
42744,4893
35355,8350
44776,5289
57922,37834
50113,50114
61770,14988
29137,70069
3784,38521
66266,20548
8826,12729
76068,61881
26363,16479
39848,4334
59601,12916
22837,1103
46918,5755
18780,7915
48235,15310
24209,10733
50612,7879
35318,2971
44308,5199
3311,4909
10915,28881
52420,13867
3093,25350
8908,492
45547,5458
37679,6489
6907,34
76470,66143
37958,3519
46647,5697
47583,17340
43631,5050
24656,12179
49511,7027
3735,27122
74258,46745
33130,71344
5039,7378
73148,40708
51523,14883
20778,810
17506,64150
70085,29185
2741,33302
24664,1364
51543,8242
61730,14981
22245,67239
32912,43255
5189,4966
66025,20063
50242,6072
27342,36309
1478,25445
15618,21282
12220,3076
70668,30980
57906,35238
15054,18821
10808,115
55490,10219
10515,2682
67774,23425
15389,281
29545,4714
2789,5913
69577,27664
52816,8808
30020,2261
2752,10725
14424,8392
5397,2478
43406,5008
25721,5245
8678,11449
23279,4777
47070,5819
10470,11420
30325,2334
727,2593
32388,2531
67248,22299
15588,21167
5026,43483
58522,12124
31884,2485
7370,4675
49813,7346
52835,184
2646,13137
72602,38038
63705,24877
17583,19395
54459,9677
12167,9047
53181,15519
14657,225
56268,18048
71201,32731
3494,37915
35687,3042
29675,2197
15195,4683
28178,2006
27443,1782
67351,22546
29116,22065
23147,5958
64336,17773
11841,13756
33053,18348
70691,31091
15587,284
38359,26231
50647,7791
52688,8781
45551,5458
24460,5370
75159,8758
11528,11754
66524,20998
16687,53200
9737,1361
40227,4480
57439,11361
17643,15519
21456,8438
38912,11203
4209,39531
60392,19469
26505,4136
41942,4793
58924,12482
31181,19922
13988,4675
29930,20718
18851,13594
38703,3856
28226,69758
70396,30105
22050,44907
71107,32404
52622,8708
9154,66
74326,47142
33584,16620
76673,68590
6296,10221
13563,215
65441,19164
33430,17293
7366,2526
11316,1685
25417,1478
21134,835
2890,21992
11166,11236
13746,57614
23273,1183
36661,6277
5041,5029
74653,55199
37348,6144
4016,23179
68024,23889
31149,5192
27821,39979
26229,13341
42645,4882
1523,25806
1424,2350
49390,6893
60568,57591
69568,76750
3355,37255
15188,14656
32225,2510
37770,14591
9107,12637
74333,47194
3019,32627
47433,5900
9567,13240
2878,7701
62070,15138
25304,17025
948,17815
57832,11718
52085,8415
47544,5930
17469,10150
37219,8603
74113,45553
30207,2307
9421,7936
3450,8372
51488,8228
8807,20853
5102,23420
18001,14281
20297,765
13244,5857
12584,13610
110,81
28987,9157
35169,12826
38995,23048
14927,5170
58691,12255
66446,35081
46450,5662
14420,405
20027,66007
41492,4729
8558,10182
37959,3520
32914,71281
9412,16834
50406,23007
28488,1949
29122,50250
19506,16660
26972,1704
9517,21613
16190,28486
61558,14788
8627,4930
54367,9644
32154,35655
19662,677
38038,30831
15847,13167
21,30019
5770,12872
9293,15751
52375,8574
61491,14723
8582,7864
6272,2092
22446,17662
61711,69686
11928,498
5525,19
29742,2214
17527,7791
20144,737
34883,2921
9250,10803
3812,20878
1332,24318
76558,67161
11751,7666
11501,519
33246,5427
42293,11998
29123,2075
18453,2531
64263,17675
31888,2485
72202,36529
17654,12093
57818,11710
55022,10057
8306,13249
14888,16360
20586,17190
43628,25774
26084,1570
14058,225
6800,34
9808,21554
5949,29729
72511,50231
73640,7693
25045,1426
28492,17556
52169,8457
300,216
9357,10063
13197,18558
44555,7955
18703,955
76360,64956
12258,4793
66582,21058
64824,5318
12075,14847
5413,45384
9836,13361
5752,19119
25315,11804
32694,2563
11545,30553
6560,34
10343,26574
70845,31564
9319,68
42049,68708
68262,24477
52173,8457
3007,1363
17830,25850
17698,8628
52659,8731
13023,1541
75508,56487
68346,8799
44863,5298
44714,9930
13365,10275
30616,3005
3482,36173
71311,33040
43376,5002
42763,22467
48324,8082
67006,21824
73906,44232
49651,7150
53981,9440
62270,15355
24598,1361
17176,16464
6450,4776
16845,2975
4884,19505
29088,2068
2566,4899
29830,2223
1142,15349
67353,66601
63660,35493
45666,5504
11926,3139
14335,225
53492,13784
46050,5573
206,10526
64391,76311
65210,28049
29812,2223
5187,1056
29354,9000
54025,9482
45509,5457
19876,36684
37513,8729
29592,8467
50577,7752
858,18366
5601,6241
44724,5284
40839,4675
11614,20525
18200,498
10483,14587
31500,15695
13130,9778
67423,22641
33919,4789
21983,981
57156,11203
14408,5490
46513,5667
10007,10700
7916,46
3422,5154
47800,12309
30754,2399
73263,41161
21301,850
15723,1683
51427,15789
21430,15664
30497,11858
54259,9608
59513,12878
32696,25075
33310,27753
58295,66890
19338,629
28724,1996
8103,1334
60643,13767
15214,11935
10483,14587
67282,22367
5740,10057
35686,36935
5443,8026
20770,810
16404,26901
68889,26047
22383,8511
5478,5736
61262,31962
15,63736
1200,6457
47471,5910
10700,13048
14978,2425
3853,38696
13750,5088
62903,16021
30643,58616
14075,225
63522,16805
16765,5457
36616,3459
26102,1572
464,4675
26204,27093
67020,21861
28383,1933
26586,18761
48888,6386
31745,16740
46967,5773
24963,13187
11714,143
36334,21455
45753,5524
11996,5398
29560,2179
23089,2766
43562,8939
48528,6268
63069,44170
16739,4956
26416,7473
1275,1521
10322,7901
7698,320
49546,7909
72784,38851
48353,14307
15500,282
61629,14880
2447,4884
56041,10491
6769,36755
63250,37528
51447,51450
34138,17900
13870,19914
23235,49211
76224,63389
22756,6189
36077,3086
397,17011
4754,14901
50488,10842
15267,16944
61389,14615
39512,4209
37017,25704
53619,9185
8457,6446
22094,2485
43147,4957
46541,18731
41888,4789
18138,498
52915,8861
51704,8286
22193,18900
51265,8058
20740,27406
77305,76601
15906,7936
6350,12924
30982,14229
3672,699
67119,22024
31588,2481
75779,58788
13952,8276
71310,33038
5853,15762
20530,15914
70354,40366
67910,23663
35595,3032
19831,703
18608,546
76797,70327
18731,21707
37315,3368
5870,8321
5600,8527
70936,31806
10082,18446
28042,4220
16659,45750
16438,18101
44604,17292
70331,29944
58322,11983
73820,43892
32838,2593
65053,18768
23166,7887
59623,12939
11988,151
27163,2559
25950,1553
32605,6051
19793,13268
46774,5721
28866,14598
11815,8301
16324,354
73261,41147
1543,25869
5600,3503
42839,50571
59306,12785
5119,1098
31447,4058
12902,11110
42993,9190
2508,403
64623,18263
52047,8397
51039,7930
883,21536
26542,2043
54497,9694
33931,20507
3091,9421
72193,36482
60272,13501
49829,7353
56674,75526
37207,3344
75765,58586
62958,16084
39055,10581
3284,14998
12344,8184
9463,656
63304,16553
15681,884
17663,12923
56636,23527
53015,8912
37572,3352
37639,3450
2470,4345
28168,1900
47620,5952
18145,5374
54787,21713
52459,8626
170,10077
60700,13820
44594,5247
30501,2529
40,7514
16215,11811
69282,26901
5107,8565
27304,8319
42704,4886
5409,45363
39128,25911
33202,53049
2484,186
43444,5011
15984,23735
41499,4730
2103,19033
73681,43296
34137,71618
72796,38893
28410,18479
2366,30451
7793,5041
27111,69416
3259,377
6973,34
58422,12027
5191,12983
72820,39046
51811,8322
65266,19023
15193,265
55984,12671
69628,27806
36961,72309
10772,25659
42867,4907
61205,66022
14350,4826
73316,41332
13486,699
17862,64406
31893,2485
1870,17288
19849,707
18669,550
34764,10082
68620,25383
32899,8632
46866,5742
13666,217
35629,3037
42943,4915
4344,28339
59025,12637
70797,31422
22537,35418
24399,15640
40412,4570
56617,10806
45014,5329
403,7877
11885,2470
1430,5155
39806,4300
23135,6082
19843,7632
38860,3918
69824,28439
51794,8318
4826,8032
44884,5299
59337,12785
1553,25926
27502,11027
38820,3891
9656,81
11898,7883
39761,4282
47135,19357
73711,43434
27288,16442
68587,25335
65818,7438
2593,26135
544,18577
61794,14993
42065,4802
29593,2386
55759,10337
51015,7909
9469,37714
73781,43797
7838,565
23419,6538
43438,29808
28731,10374
9497,14069
69855,28531
38545,3805
31809,8367
6667,34
2366,16533
25975,10730
58134,11823
43982,17492
3794,20722
34828,6081
2085,29204
719,595
17403,5952
27671,61782
39323,72866
73135,40680
429,8683
76300,64276
41089,4697
38365,16545
22776,1098
32623,2562
4699,205
5453,34633
42448,5170
25542,5075
76577,67397
23435,2268
76443,65914
56060,10499
28615,1972
13924,5237
40653,4669
70466,30402
75414,55347
42295,4837
40619,4666
5119,5564
12675,176
37572,8868
54011,16395
7883,8491
40536,31858
24686,12549
3853,4837
10138,94
34141,7754
18916,7555
40978,4683
38244,3666
37468,3406
11274,2844
72878,39402
18712,14395
4610,24356
10049,55013
26803,15707
28527,1962
19909,918
17705,442
69174,26669
38168,4353
40251,4497
11096,8434
33104,2674
26850,1684
59412,75830
1825,5168
46002,5567
8216,13193
9589,14228
59195,12768
8490,26688
72833,39104
3267,377
23089,44615
30737,2396
67740,23364
3014,2539
34519,2862
54003,9450
19120,29551
6117,25444
30286,2324
13562,4996
72706,38414
29493,15168
13575,215
29855,2225
53406,9068
143,1592
36751,20931
53148,8963
39008,70862
71693,34468
18655,549
39188,4068
2562,8632
27492,27490
57186,11228
63607,16856
7462,13931
11669,4875
26365,4447
31144,13954
54111,9522
18218,35989
1844,11359
19060,5421
13733,11228
40873,4675
17580,427
38000,3542
2485,7673
71176,38304
39907,4350
10300,10158
16365,11872
32679,2563
71932,35292
27620,22824
11428,8235
49284,6811
16816,4954
53590,9167
23039,8086
60092,13319
30690,2386
31465,70819
18948,1508
70972,31924
5919,4813
23541,32446
12304,8750
15342,62264
46832,2425
57538,11420
22433,1044
73044,40256
15082,20200
37994,26870
9462,50138
97,10248
19987,32721
1585,10933
44016,12118
2677,377
32640,15817
2520,51456
21716,66961
3665,5398
22325,16285
68615,25374
30153,2297
5669,9229
64062,17423
6372,22385
40698,5179
29190,2079
52093,8420
4230,10307
17608,42846
28459,28458
31950,20815
32078,15544
46201,5600
23184,1156
8843,8722
266,117
5431,51594
31929,2489
67697,23263
11705,440
7340,37404
13501,6203
12227,14847
57021,11123
48857,21941
83,2331
18541,22195
28583,1970
21445,14957
54286,9624
4986,43281
69585,27679
17697,15687
18986,12828
6033,31942
65495,19232
19080,3064
8352,8048
1386,9047
56977,11089
18,5502
30096,11313
42864,8534
71301,33026
43920,5103
13704,33119
51089,19164
2555,5057
44749,15659
32688,2563
27083,1728
64598,76330
60350,13567
52952,8875
2076,29152
8765,52758
61190,14307
28480,1949
34579,71751
54610,9770
68420,24897
57092,11163
20692,12953
21132,3125
5154,31839
30937,4040
53332,9027
33975,6117
34146,12936
35242,36072
21880,954
39780,4282
59385,36961
1842,6029
9976,7717
69141,26635
38481,4963
4715,6227
41462,4725
36662,3186
51149,7993
28668,1979
5919,33026
24412,23409
67085,21954
23047,1133
68074,23958
32231,27591
35276,3656
20716,21999
4991,1728
18403,4434
30871,2431
41353,4710
5330,4984
185,66
33090,2669
48376,6214
60671,13792
31487,2481
5601,20839
40420,27338
71811,34864
29111,2073
68090,23990
41626,4742
163,4875
69322,26999
31633,2481
46654,5697
36135,3093
27191,1751
67595,23031
60725,19164
11467,13302
40442,4588
53387,45718
47039,5811
67189,22144
19389,4914
24770,1379
54414,9668
74830,64691
18642,11038
75928,60258
27031,1712
11515,28695
58270,11917
28947,30795
22440,1044
6331,34
38023,19433
1375,24761
64611,18247
14960,35585
22574,2433
2653,2410
60583,13719
17058,17089
69950,28727
9698,2366
31190,2643
1639,34
37061,3308
53669,34161
12136,35511
15494,8183
12342,12168
12599,6329
23682,1256
30249,70434
54008,40927
4349,5899
65676,19406
34117,2811
3847,10187
13229,1825
27704,4851
1557,18803
69122,26587
69423,27160
5268,3583
1713,31590
34943,2929
9040,25119
68639,25446
66065,33740
4820,11767
75694,58190
39502,4208
29540,2176
6354,16832
27624,16555
63461,16770
8114,1657
74003,44892
28066,13365
12228,2881
22900,60344
67065,21915
14466,10218
61709,14978
41463,4725
9682,20557
35140,2947
16606,5516
36149,43029
58331,11986
70554,30654
4992,10589
51057,7936
33898,2805
18421,3504
28700,1981
22249,2840
25422,68630
56206,10586
61000,14028
3043,16397
15856,318
13610,14274
7184,2481
74654,49379
50119,7543
5052,4943
50508,7734
30856,2805
13590,10700
56656,10842
24166,1315
3689,38307
14752,8083
28643,1972
9323,31774
39726,4270
62504,15586
50317,7659
76238,63573
25412,31121
29371,2116
5301,24267
69843,76774
40662,4669
20481,790
8673,10982
19348,629
8899,189
6120,13997
44694,5280
5245,20925
25247,16021
39947,4360
2150,225
46420,74228
60357,13567
66219,20502
11555,140
69122,26587
16959,583
2542,401
8628,12260
16257,349
63245,16496
23487,1219
5360,37427
48541,48540
43296,47435
22676,1086
12549,4690
5389,9982
3426,23817
24822,7473
4613,4697
11374,9097
9012,17996
30663,4130
546,12072
26472,31085
34035,7744
59889,42647
66364,36264
64673,18346
5126,1364
17995,19038
71285,32935
786,36101
54375,9645
9664,5133
39555,4217
7343,34
3037,9682
18661,5579
11457,30751
24353,27541
45189,5387
51394,8176
10254,18195
14122,225
72853,39231
27751,15738
363,4679
31853,5088
52443,8608
31333,14045
11418,11219
51202,21478
